PixelSize1: 1.5e-05
PixelSize2: 1.5e-05
Distance: 0.0868264123853
Poni1: 0.0311368265212
Poni2: -0.000518106703984
Rot1: -0.99381934818
Rot2: 0.00712810496134
Rot3: -2.9447148132e-06
PixelSize1: 1.5e-05
PixelSize2: 1.5e-05
Distance: 0.0882065396596
Poni1: 0.0302286347503
Poni2: 0.0449457803015
Rot1: -0.506766875792
Rot2: 0.0167069809441
Rot3: -1.13774685128e-05
SplineFile: None
PixelSize1: 1.5e-05
PixelSize2: 1.5e-05
Distance: 0.0882091575037
Poni1: 0.030222979528
Poni2: 0.0449355243275
Rot1: -0.506885423869
Rot2: 0.016758534758
Rot3: -1.13855975813e-05
SplineFile: None
PixelSize1: 1.5e-05
PixelSize2: 1.5e-05
Distance: 0.0882065396596
Poni1: 0.0302286347503
Poni2: 0.0449457803015
Rot1: -0.506766875792
Rot2: 0.0167069809441
Rot3: -1.13774685128e-05
SplineFile: None
