PixelSize1: 1.5e-05
PixelSize2: 1.5e-05
Distance: 0.0882065396596
Poni1: 0.0302286347503
Poni2: 0.0449457803015
Rot1: -0.506766875792
Rot2: 0.0167069809441
Rot3: -1.13774685128e-05
SplineFile: None
