# Nota: C-Order, 1 refers to the Y axis, 2 to the X axis
# Calibration done on Wed Nov 19 10:54:59 2025
poni_version: 2.1
Detector: Pilatus1M
Detector_config: {"pixel1": 0.000172, "pixel2": 0.000172, "orientation": 3}
Distance: 1.6350227410457556
Poni1: 0.04542275985064111
Poni2: 0.030935157484155606
Rot1: 0.0
Rot2: 0.0
Rot3: 0.0
Wavelength: 1e-10
